127 127 127 127   1   2   1   1   1   1   2   3   4   3   4   3
  0   0   1 127   3   3 127   3   3   2   3   4   5 127   5   4
  1   7   0   1   1   1   1   1   1   2 127 127 127 127   1   2
127   7 127 127   2   3   3   1   2   3 127 127 127 127   2   3
127 127 127 127   1   1   1   2   3   4 127   3   4 127   3   4
127 127 127 127 127   1   2   3   4   5   3   4   5   3   4   5
127 127 127 127   2   3   3   4 127   5   4   5   4   4   5 127
127 127 127 127 130 131 127 127 127   6   5 127   3   5   3 127
127 127 127 127 127 127 127 127 127 127   5   5   4   5 127 127
127 127 127 127 127 127 127 127 127 127   7   6   5   4 127 127
127 127 127 127 127 127 127 127 127 127   6   5   5   5 127 127
127 127 127 127 127 127 127 127 127 127   6   7   7 127 127 127
127 127 127 127 127 127 127 127 127 127 127   5 127 127 127 127
