127 127 127 127 134 133 133 133 133 127 127 127
127 127 127   7   6   5   5   5 127 127 127 127
127 127 127   6   5   7   7 127 127 127 127 127
  1 127   7   6   5   5   5   5   4   3 127 127
  0   7   6   5   7   7 127 127   5   4   5   4
  7   6   5   5   5   5   5 127 127 127 127 127
  6   5   7   7   7   7   6 127 127 127 127 127
  6 127 127 127 127   5   5   5   4   3   4 127
  6 127 127 127 127   7   7   6   5   4   5 127
  6 127 127 127 127 127 127 127 127   5 127 127
  6 127 127 127 127 127 127 127 127 127 127 127
