127 127 127 127   1   1   1   2   3 127 127 127
127 127 127   2   3   3   2   3 127 127 127 127
127 127 127   1   1   1   2 127 127 127 127 127
  2 127   0   1   2   3   3   4   4   3 127 127
  1   1   2   3   1   1 127 127   5   4   5   4
  1   2   3   4   0   1   2 127 127 127 127 127
  2   3   4   5   7   0   1 127 127 127 127 127
  2 127 127 127 127   7   0   0   1   2   3 127
  2 127 127 127 127   7   7   7   0 129 130 127
  2 127 127 127 127 127 127 127 127 128 127 127
130 127 127 127 127 127 127 127 127 127 127 127
