  1 127 127 127 127 135 134 127 127 127 127 127 127 127 127 127 127
  0   1 127 127   7   7   6 127 127   2 127 127 127 127 127 127 127
  7   0   0   7   6   5 127 127 127   3   4 127 127 127 127 127 127
127   7   7   6   5 127 127   3   4   3   5 127 127 127 127 127 127
127   7   6   5   5   5   4   3   5   3   5 127 127 127 127 127 127
127 127   5   7   7   6   5   4   5   3   5   4 127 127 127 127   2
127 127 127 127 127 127   5 127   5 127 127   5   4   4 127   2   3
127 127 127 127 127 127 127 127   6 127 127 127 127   5 127   3   4
127 127 127 127 127 127 127 127 127   5   4 127 127   6   5   4   5
127 127 127 127 127 127 127 127 127 127 127 127 127 127   5   5   4
127 127 127 127 127 127 127 127 127 127 127 127 127   7   7   6   5
127 127 127 127 127 127 127 127 127 127 127 127 127 127   5   5   5
127 127 127 127 127 127 127 127 127 127 127 127 127 127   7   7   6
