127 127 127 127 127 127 127 127 127 127 135 127 127 127 127 127 127
127 127 127 127 127 127 127 127 127   7 127 134 133 127 127 127 127
  2 127 127   0   1   2 127 127 127   0   7   6 127 127 127 127 127
  2 127   1   7   0   1 127 127 127 127   6 127 127 127 127 127 127
  1 127   1   7   7   0   0   0   0   7   6 127 127 127 127 127 127
  0   7   1   7   1   7   1   7   7   6   5 127 127 127 127 127 127
  7 127   1   7   1   7   0   7   6   5   5 127 127 127 127 127 127
  1 127   1   7   1   7   7   6   5   7   6 127 127 127 127 127 127
  1   7   0   7   0   7   6   5   5   5   5 127 127 127 127 127 127
  0   7 127 127 127 127   5   7   7   7   6 127 127 127 127 127 127
  7 127 127 127 127 127 127 127   5 127 127 127 127 127 127 127 127
  6 127 127 127 127 127 127 127   6   5   4   4 127 127 127 127 127
  6   5 127 127 127 127 127 127 127 127 127   5   4   4   4   4   4
