127 127 127 127 127 127 127 127   1   1   1   1   2 127
  1   1   1   1   1   1   2 127 127   2   3   3   3 127
  2   3   3   1   2   3   1 127 127   1   1   1   1 127
  1   1   1   2   3   1   2   3   3   3   3   1   2   3
  1   2   3   3   4   0   1   1   1   1   1   2   3   4
127   1   1 127 127 127 127   3   3   3   2   3   4   5
127   1   2   3   3   3   1   1   1   1   2 127   5   4
127 127   1   1   1   1   2   3   1   2   3 127 127 127
127 127   1   2   3   3   3   1   2   3 127 127 127 127
127 127 127 130 130 130 130 130 131 127 127 127 127 127
127 127 127 127 127 127 127 127 132 127 127 127 127 127
