127 127 127 127 127 127 127 127 127 127 133 127 127 127 127 127 127
127 127 127 127 127 127 127 127 127 134 127   5   4 127 127 127 127
134 127 127   2   3   4 127 127 127   6   5   4 127 127 127 127 127
  6 127   2   3   4   1 127 127 127 127   5 127 127 127 127 127 127
  6 127   3   4   5   0   0   0   0   7   6 127 127 127 127 127 127
  6   5   4   5   3   7   1   7   7   6   5 127 127 127 127 127 127
  6 127   5   4   3   7   0   7   6   5   5 127 127 127 127 127 127
  6 127   6   5   4   7   7   6   5   7   6 127 127 127 127 127 127
  6   5   6   5   5   7   6   5   5   5   5 127 127 127 127 127 127
  6   7 127 127 127 127   5   7   7   7   6 127 127 127 127 127 127
  6 127 127 127 127 127 127 127   5 127 127 127 127 127 127 127 127
  6 127 127 127 127 127 127 127   6   5   4   4 127 127 127 127 127
  6   5 127 127 127 127 127 127 127 127 127   5   4   4   4   4   4
