127 127 127 127   1   1   1   2   3 127 127 127
127 127 127   2   3   3   2   3 127 127 127 127
127 127 127   1   1   1   2 127 127 127 127 127
  1 127   0   1   2   3   3   4   4   3 127 127
  1   7   7   0   1   1 127 127   5   4   5   4
  1   7   1   7   0   1   2 127 127 127 127 127
  0   7   0   7   7   0   1 127 127 127 127 127
  7 127 127 127 127   7   0   0   0   0 128 127
  6 127 127 127 127   7   7   7   1   7 135 127
  6 127 127 127 127 127 127 127 127   7 127 127
  6 127 127 127 127 127 127 127 127 127 127 127
